1    Input Finished. Beginning initialisation.
0  2.999000E+00  -2.000000E+01 
1  2.998000E+00  -8.592460E+00 
2  2.997000E+00  -8.290276E+00 
3  2.996000E+00  -8.112993E+00 
4  2.995000E+00  -7.986824E+00 
5  2.994000E+00  -7.888646E+00 
6  2.993000E+00  -7.808157E+00 
7  2.992000E+00  -7.739865E+00 
8  2.991000E+00  -7.680488E+00 
9  2.990000E+00  -7.627912E+00 
10  2.989000E+00  -7.580692E+00 
11  2.988000E+00  -7.537796E+00 
12  2.987000E+00  -7.498465E+00 
13  2.986000E+00  -7.462120E+00 
14  2.985000E+00  -7.428312E+00 
15  2.984000E+00  -7.396685E+00 
16  2.983000E+00  -7.366951E+00 
17  2.982000E+00  -7.338876E+00 
18  2.981000E+00  -7.312265E+00 
19  2.980000E+00  -7.286954E+00 
20  2.979000E+00  -7.262806E+00 
21  2.978000E+00  -7.239680E+00 
22  2.977000E+00  -7.217460E+00 
23  2.976000E+00  -7.196070E+00 
24  2.975000E+00  -7.175442E+00 
25  2.974000E+00  -7.155516E+00 
26  2.973000E+00  -7.136241E+00 
27  2.972000E+00  -7.117570E+00 
28  2.971000E+00  -7.099461E+00 
29  2.970000E+00  -7.081875E+00 
30  2.969000E+00  -7.064780E+00 
31  2.968000E+00  -7.048144E+00 
32  2.967000E+00  -7.031939E+00 
33  2.966000E+00  -7.016142E+00 
34  2.965000E+00  -7.000731E+00 
35  2.964000E+00  -6.985685E+00 
36  2.963000E+00  -6.970986E+00 
37  2.962000E+00  -6.956616E+00 
38  2.961000E+00  -6.942562E+00 
39  2.960000E+00  -6.928806E+00 
40  2.959000E+00  -6.915338E+00 
41  2.958000E+00  -6.902152E+00 
42  2.957000E+00  -6.889244E+00 
43  2.956000E+00  -6.876599E+00 
44  2.955000E+00  -6.864200E+00 
45  2.954000E+00  -6.852036E+00 
46  2.953000E+00  -6.840093E+00 
47  2.952000E+00  -6.828359E+00 
48  2.951000E+00  -6.816824E+00 
49  2.950000E+00  -6.805476E+00 
50  2.949000E+00  -6.794308E+00 
51  2.948000E+00  -6.783301E+00 
52  2.947000E+00  -6.772442E+00 
53  2.946000E+00  -6.761729E+00 
54  2.945000E+00  -6.751158E+00 
55  2.944000E+00  -6.740725E+00 
56  2.943000E+00  -6.730429E+00 
57  2.942000E+00  -6.720265E+00 
58  2.941000E+00  -6.710232E+00 
59  2.940000E+00  -6.700327E+00 
60  2.939000E+00  -6.690548E+00 
61  2.938000E+00  -6.680902E+00 
62  2.937000E+00  -6.671394E+00 
63  2.936000E+00  -6.662016E+00 
64  2.935000E+00  -6.652762E+00 
65  2.934000E+00  -6.643624E+00 
66  2.933000E+00  -6.634597E+00 
67  2.932000E+00  -6.625674E+00 
68  2.931000E+00  -6.616849E+00 
69  2.930000E+00  -6.608117E+00 
70  2.929000E+00  -6.599473E+00 
71  2.928000E+00  -6.590902E+00 
72  2.927000E+00  -6.582395E+00 
73  2.926000E+00  -6.573952E+00 
74  2.925000E+00  -6.565572E+00 
75  2.924000E+00  -6.557256E+00 
76  2.923000E+00  -6.549004E+00 
77  2.922000E+00  -6.540816E+00 
78  2.921000E+00  -6.532693E+00 
79  2.920000E+00  -6.524633E+00 
80  2.919000E+00  -6.516638E+00 
81  2.918000E+00  -6.508716E+00 
82  2.917000E+00  -6.500875E+00 
83  2.916000E+00  -6.493108E+00 
84  2.915000E+00  -6.485412E+00 
85  2.914000E+00  -6.477783E+00 
86  2.913000E+00  -6.470216E+00 
87  2.912000E+00  -6.462708E+00 
88  2.911000E+00  -6.455253E+00 
89  2.910000E+00  -6.447850E+00 
90  2.909000E+00  -6.440493E+00 
91  2.908000E+00  -6.433172E+00 
92  2.907000E+00  -6.425875E+00 
93  2.906000E+00  -6.418604E+00 
94  2.905000E+00  -6.411362E+00 
95  2.904000E+00  -6.404149E+00 
96  2.903000E+00  -6.396966E+00 
97  2.902000E+00  -6.389816E+00 
98  2.901000E+00  -6.382699E+00 
99  2.900000E+00  -6.375617E+00 
100  2.899000E+00  -6.368571E+00 
101  2.898000E+00  -6.361571E+00 
102  2.897000E+00  -6.354626E+00 
103  2.896000E+00  -6.347733E+00 
104  2.895000E+00  -6.340886E+00 
105  2.894000E+00  -6.334084E+00 
106  2.893000E+00  -6.327322E+00 
107  2.892000E+00  -6.320597E+00 
108  2.891000E+00  -6.313906E+00 
109  2.890000E+00  -6.307246E+00 
110  2.889000E+00  -6.300614E+00 
111  2.888000E+00  -6.293997E+00 
112  2.887000E+00  -6.287386E+00 
113  2.886000E+00  -6.280783E+00 
114  2.885000E+00  -6.274189E+00 
115  2.884000E+00  -6.267606E+00 
116  2.883000E+00  -6.261037E+00 
117  2.882000E+00  -6.254483E+00 
118  2.881000E+00  -6.247945E+00 
119  2.880000E+00  -6.241428E+00 
120  2.879000E+00  -6.234933E+00 
121  2.878000E+00  -6.228474E+00 
122  2.877000E+00  -6.222057E+00 
123  2.876000E+00  -6.215679E+00 
124  2.875000E+00  -6.209337E+00 
125  2.874000E+00  -6.203027E+00 
126  2.873000E+00  -6.196746E+00 
127  2.872000E+00  -6.190493E+00 
128  2.871000E+00  -6.184264E+00 
129  2.870000E+00  -6.178056E+00 
130  2.869000E+00  -6.171867E+00 
131  2.868000E+00  -6.165684E+00 
132  2.867000E+00  -6.159500E+00 
133  2.866000E+00  -6.153316E+00 
134  2.865000E+00  -6.147135E+00 
135  2.864000E+00  -6.140959E+00 
136  2.863000E+00  -6.134789E+00 
137  2.862000E+00  -6.128629E+00 
138  2.861000E+00  -6.122479E+00 
139  2.860000E+00  -6.116341E+00 
140  2.859000E+00  -6.110219E+00 
141  2.858000E+00  -6.104122E+00 
142  2.857000E+00  -6.098059E+00 
143  2.856000E+00  -6.092027E+00 
144  2.855000E+00  -6.086021E+00 
145  2.854000E+00  -6.080040E+00 
146  2.853000E+00  -6.074081E+00 
147  2.852000E+00  -6.068139E+00 
148  2.851000E+00  -6.062214E+00 
149  2.850000E+00  -6.056301E+00 
150  2.849000E+00  -6.050398E+00 
151  2.848000E+00  -6.044493E+00 
152  2.847000E+00  -6.038577E+00 
153  2.846000E+00  -6.032653E+00 
154  2.845000E+00  -6.026723E+00 
155  2.844000E+00  -6.020789E+00 
156  2.843000E+00  -6.014853E+00 
157  2.842000E+00  -6.008919E+00 
158  2.841000E+00  -6.002988E+00 
159  2.840000E+00  -5.997062E+00 
160  2.839000E+00  -5.991144E+00 
161  2.838000E+00  -5.985246E+00 
162  2.837000E+00  -5.979377E+00 
163  2.836000E+00  -5.973534E+00 
164  2.835000E+00  -5.967714E+00 
165  2.834000E+00  -5.961913E+00 
166  2.833000E+00  -5.956128E+00 
167  2.832000E+00  -5.950357E+00 
168  2.831000E+00  -5.944596E+00 
169  2.830000E+00  -5.938842E+00 
170  2.829000E+00  -5.933093E+00 
171  2.828000E+00  -5.927336E+00 
172  2.827000E+00  -5.921559E+00 
173  2.826000E+00  -5.915766E+00 
174  2.825000E+00  -5.909960E+00 
175  2.824000E+00  -5.904143E+00 
176  2.823000E+00  -5.898317E+00 
177  2.822000E+00  -5.892487E+00 
178  2.821000E+00  -5.886656E+00 
179  2.820000E+00  -5.880827E+00 
180  2.819000E+00  -5.875003E+00 
181  2.818000E+00  -5.869196E+00 
182  2.817000E+00  -5.863415E+00 
183  2.816000E+00  -5.857657E+00 
184  2.815000E+00  -5.851918E+00 
185  2.814000E+00  -5.846196E+00 
186  2.813000E+00  -5.840487E+00 
187  2.812000E+00  -5.834788E+00 
188  2.811000E+00  -5.829096E+00 
189  2.810000E+00  -5.823408E+00 
190  2.809000E+00  -5.817722E+00 
191  2.808000E+00  -5.812023E+00 
192  2.807000E+00  -5.806301E+00 
193  2.806000E+00  -5.800559E+00 
194  2.805000E+00  -5.794801E+00 
195  2.804000E+00  -5.789028E+00 
196  2.803000E+00  -5.783245E+00 
197  2.802000E+00  -5.777453E+00 
198  2.801000E+00  -5.771657E+00 
199  2.800000E+00  -5.765858E+00 
200  2.799000E+00  -5.760060E+00 
201  2.798000E+00  -5.754276E+00 
202  2.797000E+00  -5.748517E+00 
203  2.796000E+00  -5.742778E+00 
204  2.795000E+00  -5.737057E+00 
205  2.794000E+00  -5.731349E+00 
206  2.793000E+00  -5.725652E+00 
207  2.792000E+00  -5.719963E+00 
208  2.791000E+00  -5.714278E+00 
209  2.790000E+00  -5.708593E+00 
210  2.789000E+00  -5.702906E+00 
211  2.788000E+00  -5.697203E+00 
212  2.787000E+00  -5.691471E+00 
213  2.786000E+00  -5.685714E+00 
214  2.785000E+00  -5.679935E+00 
215  2.784000E+00  -5.674138E+00 
216  2.783000E+00  -5.668326E+00 
217  2.782000E+00  -5.662502E+00 
218  2.781000E+00  -5.656670E+00 
219  2.780000E+00  -5.650833E+00 
220  2.779000E+00  -5.644994E+00 
221  2.778000E+00  -5.639168E+00 
222  2.777000E+00  -5.633368E+00 
223  2.776000E+00  -5.627588E+00 
224  2.775000E+00  -5.621826E+00 
225  2.774000E+00  -5.616077E+00 
226  2.773000E+00  -5.610339E+00 
227  2.772000E+00  -5.604608E+00 
228  2.771000E+00  -5.598880E+00 
229  2.770000E+00  -5.593152E+00 
230  2.769000E+00  -5.587421E+00 
231  2.768000E+00  -5.581670E+00 
232  2.767000E+00  -5.575889E+00 
233  2.766000E+00  -5.570080E+00 
234  2.765000E+00  -5.564247E+00 
235  2.764000E+00  -5.558394E+00 
236  2.763000E+00  -5.552524E+00 
237  2.762000E+00  -5.546640E+00 
238  2.761000E+00  -5.540747E+00 
239  2.760000E+00  -5.534848E+00 
240  2.759000E+00  -5.528946E+00 
241  2.758000E+00  -5.523058E+00 
242  2.757000E+00  -5.517196E+00 
243  2.756000E+00  -5.511357E+00 
244  2.755000E+00  -5.505536E+00 
245  2.754000E+00  -5.499728E+00 
246  2.753000E+00  -5.493932E+00 
247  2.752000E+00  -5.488141E+00 
248  2.751000E+00  -5.482353E+00 
249  2.750000E+00  -5.476564E+00 
250  2.749000E+00  -5.470771E+00 
251  2.748000E+00  -5.464957E+00 
252  2.747000E+00  -5.459108E+00 
253  2.746000E+00  -5.453228E+00 
254  2.745000E+00  -5.447322E+00 
255  2.744000E+00  -5.441392E+00 
256  2.743000E+00  -5.435442E+00 
257  2.742000E+00  -5.429477E+00 
258  2.741000E+00  -5.423500E+00 
259  2.740000E+00  -5.417514E+00 
260  2.739000E+00  -5.411524E+00 
261  2.738000E+00  -5.405547E+00 
262  2.737000E+00  -5.399597E+00 
263  2.736000E+00  -5.393669E+00 
264  2.735000E+00  -5.387758E+00 
265  2.734000E+00  -5.381861E+00 
266  2.733000E+00  -5.375974E+00 
267  2.732000E+00  -5.370092E+00 
268  2.731000E+00  -5.364212E+00 
269  2.730000E+00  -5.358329E+00 
270  2.729000E+00  -5.352440E+00 
271  2.728000E+00  -5.346526E+00 
272  2.727000E+00  -5.340573E+00 
273  2.726000E+00  -5.334584E+00 
274  2.725000E+00  -5.328565E+00 
275  2.724000E+00  -5.322518E+00 
276  2.723000E+00  -5.316449E+00 
277  2.722000E+00  -5.310361E+00 
278  2.721000E+00  -5.304259E+00 
279  2.720000E+00  -5.298147E+00 
280  2.719000E+00  -5.292028E+00 
281  2.718000E+00  -5.285924E+00 
282  2.717000E+00  -5.279847E+00 
283  2.716000E+00  -5.273795E+00 
284  2.715000E+00  -5.267761E+00 
285  2.714000E+00  -5.261741E+00 
286  2.713000E+00  -5.255732E+00 
287  2.712000E+00  -5.249728E+00 
288  2.711000E+00  -5.243726E+00 
289  2.710000E+00  -5.237720E+00 
290  2.709000E+00  -5.231707E+00 
291  2.708000E+00  -5.225666E+00 
292  2.707000E+00  -5.219583E+00 
293  2.706000E+00  -5.213461E+00 
294  2.705000E+00  -5.207306E+00 
295  2.704000E+00  -5.201120E+00 
296  2.703000E+00  -5.194910E+00 
297  2.702000E+00  -5.188679E+00 
298  2.701000E+00  -5.182432E+00 
299  2.700000E+00  -5.176173E+00 
300  2.699000E+00  -5.169908E+00 
301  2.698000E+00  -5.163656E+00 
302  2.697000E+00  -5.157434E+00 
303  2.696000E+00  -5.151235E+00 
304  2.695000E+00  -5.145057E+00 
305  2.694000E+00  -5.138892E+00 
306  2.693000E+00  -5.132738E+00 
307  2.692000E+00  -5.126589E+00 
308  2.691000E+00  -5.120440E+00 
309  2.690000E+00  -5.114288E+00 
310  2.689000E+00  -5.108126E+00 
311  2.688000E+00  -5.101935E+00 
312  2.687000E+00  -5.095698E+00 
313  2.686000E+00  -5.089420E+00 
314  2.685000E+00  -5.083105E+00 
315  2.684000E+00  -5.076758E+00 
316  2.683000E+00  -5.070384E+00 
317  2.682000E+00  -5.063987E+00 
318  2.681000E+00  -5.057573E+00 
319  2.680000E+00  -5.051146E+00 
320  2.679000E+00  -5.044712E+00 
321  2.678000E+00  -5.038291E+00 
322  2.677000E+00  -5.031902E+00 
323  2.676000E+00  -5.025539E+00 
324  2.675000E+00  -5.019196E+00 
325  2.674000E+00  -5.012869E+00 
326  2.673000E+00  -5.006552E+00 
327  2.672000E+00  -5.000240E+00 
328  2.671000E+00  -4.993929E+00 
329  2.670000E+00  -4.987613E+00 
330  2.669000E+00  -4.981288E+00 
331  2.668000E+00  -4.974932E+00 
332  2.667000E+00  -4.968527E+00 
333  2.666000E+00  -4.962080E+00 
334  2.665000E+00  -4.955593E+00 
335  2.664000E+00  -4.949074E+00 
336  2.663000E+00  -4.942526E+00 
337  2.662000E+00  -4.935954E+00 
338  2.661000E+00  -4.929365E+00 
339  2.660000E+00  -4.922761E+00 
340  2.659000E+00  -4.916150E+00 
341  2.658000E+00  -4.909553E+00 
342  2.657000E+00  -4.902989E+00 
343  2.656000E+00  -4.896452E+00 
344  2.655000E+00  -4.889937E+00 
345  2.654000E+00  -4.883438E+00 
346  2.653000E+00  -4.876950E+00 
347  2.652000E+00  -4.870468E+00 
348  2.651000E+00  -4.863986E+00 
349  2.650000E+00  -4.857500E+00 
350  2.649000E+00  -4.851004E+00 
351  2.648000E+00  -4.844476E+00 
352  2.647000E+00  -4.837898E+00 
353  2.646000E+00  -4.831276E+00 
354  2.645000E+00  -4.824615E+00 
355  2.644000E+00  -4.817919E+00 
356  2.643000E+00  -4.811193E+00 
357  2.642000E+00  -4.804444E+00 
358  2.641000E+00  -4.797676E+00 
359  2.640000E+00  -4.790894E+00 
360  2.639000E+00  -4.784103E+00 
361  2.638000E+00  -4.777327E+00 
362  2.637000E+00  -4.770583E+00 
363  2.636000E+00  -4.763866E+00 
364  2.635000E+00  -4.757171E+00 
365  2.634000E+00  -4.750491E+00 
366  2.633000E+00  -4.743823E+00 
367  2.632000E+00  -4.737159E+00 
368  2.631000E+00  -4.730497E+00 
369  2.630000E+00  -4.723832E+00 
370  2.629000E+00  -4.717159E+00 
371  2.628000E+00  -4.710455E+00 
372  2.627000E+00  -4.703701E+00 
373  2.626000E+00  -4.696904E+00 
374  2.625000E+00  -4.690068E+00 
375  2.624000E+00  -4.683197E+00 
376  2.623000E+00  -4.676299E+00 
377  2.622000E+00  -4.669377E+00 
378  2.621000E+00  -4.662436E+00 
379  2.620000E+00  -4.655483E+00 
380  2.619000E+00  -4.648522E+00 
381  2.618000E+00  -4.641576E+00 
382  2.617000E+00  -4.634663E+00 
383  2.616000E+00  -4.627778E+00 
384  2.615000E+00  -4.620915E+00 
385  2.614000E+00  -4.614070E+00 
386  2.613000E+00  -4.607236E+00 
387  2.612000E+00  -4.600409E+00 
388  2.611000E+00  -4.593584E+00 
389  2.610000E+00  -4.586756E+00 
390  2.609000E+00  -4.579921E+00 
391  2.608000E+00  -4.573055E+00 
392  2.607000E+00  -4.566139E+00 
393  2.606000E+00  -4.559180E+00 
394  2.605000E+00  -4.552181E+00 
395  2.604000E+00  -4.545149E+00 
396  2.603000E+00  -4.538089E+00 
397  2.602000E+00  -4.531005E+00 
398  2.601000E+00  -4.523902E+00 
399  2.600000E+00  -4.516786E+00 
400  2.599000E+00  -4.509663E+00 
401  2.598000E+00  -4.502554E+00 
402  2.597000E+00  -4.495480E+00 
403  2.596000E+00  -4.488434E+00 
404  2.595000E+00  -4.481412E+00 
405  2.594000E+00  -4.474407E+00 
406  2.593000E+00  -4.467414E+00 
407  2.592000E+00  -4.460429E+00 
408  2.591000E+00  -4.453447E+00 
409  2.590000E+00  -4.446463E+00 
410  2.589000E+00  -4.439471E+00 
411  2.588000E+00  -4.432449E+00 
412  2.587000E+00  -4.425378E+00 
413  2.586000E+00  -4.418264E+00 
414  2.585000E+00  -4.411111E+00 
415  2.584000E+00  -4.403925E+00 
416  2.583000E+00  -4.396711E+00 
417  2.582000E+00  -4.389473E+00 
418  2.581000E+00  -4.382217E+00 
419  2.580000E+00  -4.374948E+00 
420  2.579000E+00  -4.367670E+00 
421  2.578000E+00  -4.360408E+00 
422  2.577000E+00  -4.353180E+00 
423  2.576000E+00  -4.345981E+00 
424  2.575000E+00  -4.338804E+00 
425  2.574000E+00  -4.331646E+00 
426  2.573000E+00  -4.324501E+00 
427  2.572000E+00  -4.317364E+00 
428  2.571000E+00  -4.310230E+00 
429  2.570000E+00  -4.303095E+00 
430  2.569000E+00  -4.295954E+00 
431  2.568000E+00  -4.288783E+00 
432  2.567000E+00  -4.281565E+00 
433  2.566000E+00  -4.274304E+00 
434  2.565000E+00  -4.267005E+00 
435  2.564000E+00  -4.259674E+00 
436  2.563000E+00  -4.252315E+00 
437  2.562000E+00  -4.244934E+00 
438  2.561000E+00  -4.237535E+00 
439  2.560000E+00  -4.230123E+00 
440  2.559000E+00  -4.222704E+00 
441  2.558000E+00  -4.215300E+00 
442  2.557000E+00  -4.207930E+00 
443  2.556000E+00  -4.200589E+00 
444  2.555000E+00  -4.193272E+00 
445  2.554000E+00  -4.185973E+00 
446  2.553000E+00  -4.178688E+00 
447  2.552000E+00  -4.171411E+00 
448  2.551000E+00  -4.164139E+00 
449  2.550000E+00  -4.156866E+00 
450  2.549000E+00  -4.149589E+00 
451  2.548000E+00  -4.142284E+00 
452  2.547000E+00  -4.134933E+00 
453  2.546000E+00  -4.127543E+00 
454  2.545000E+00  -4.120117E+00 
455  2.544000E+00  -4.112661E+00 
456  2.543000E+00  -4.105178E+00 
457  2.542000E+00  -4.097675E+00 
458  2.541000E+00  -4.090156E+00 
459  2.540000E+00  -4.082625E+00 
460  2.539000E+00  -4.075087E+00 
461  2.538000E+00  -4.067565E+00 
462  2.537000E+00  -4.060077E+00 
463  2.536000E+00  -4.052618E+00 
464  2.535000E+00  -4.045183E+00 
465  2.534000E+00  -4.037767E+00 
466  2.533000E+00  -4.030365E+00 
467  2.532000E+00  -4.022973E+00 
468  2.531000E+00  -4.015587E+00 
469  2.530000E+00  -4.008200E+00 
470  2.529000E+00  -4.000811E+00 
471  2.528000E+00  -3.993396E+00 
472  2.527000E+00  -3.985938E+00 
473  2.526000E+00  -3.978442E+00 
474  2.525000E+00  -3.970914E+00 
475  2.524000E+00  -3.963356E+00 
476  2.523000E+00  -3.955775E+00 
477  2.522000E+00  -3.948173E+00 
478  2.521000E+00  -3.940557E+00 
479  2.520000E+00  -3.932930E+00 
480  2.519000E+00  -3.925297E+00 
481  2.518000E+00  -3.917680E+00 
482  2.517000E+00  -3.910096E+00 
483  2.516000E+00  -3.902542E+00 
484  2.515000E+00  -3.895014E+00 
485  2.514000E+00  -3.887507E+00 
486  2.513000E+00  -3.880018E+00 
487  2.512000E+00  -3.872542E+00 
488  2.511000E+00  -3.865074E+00 
489  2.510000E+00  -3.857611E+00 
490  2.509000E+00  -3.850149E+00 
491  2.508000E+00  -3.842668E+00 
492  2.507000E+00  -3.835152E+00 
493  2.506000E+00  -3.827605E+00 
494  2.505000E+00  -3.820031E+00 
495  2.504000E+00  -3.812434E+00 
496  2.503000E+00  -3.804819E+00 
497  2.502000E+00  -3.797190E+00 
498  2.501000E+00  -3.789550E+00 
499  2.500000E+00  -3.781904E+00 
500  2.499000E+00  -3.774255E+00 
501  2.498000E+00  -3.766624E+00 
502  2.497000E+00  -3.759026E+00 
503  2.496000E+00  -3.751456E+00 
504  2.495000E+00  -3.743910E+00 
505  2.494000E+00  -3.736384E+00 
506  2.493000E+00  -3.728875E+00 
507  2.492000E+00  -3.721377E+00 
508  2.491000E+00  -3.713888E+00 
509  2.490000E+00  -3.706404E+00 
510  2.489000E+00  -3.698921E+00 
511  2.488000E+00  -3.691419E+00 
512  2.487000E+00  -3.683886E+00 
513  2.486000E+00  -3.676323E+00 
514  2.485000E+00  -3.668736E+00 
515  2.484000E+00  -3.661128E+00 
516  2.483000E+00  -3.653502E+00 
517  2.482000E+00  -3.645863E+00 
518  2.481000E+00  -3.638214E+00 
519  2.480000E+00  -3.630558E+00 
520  2.479000E+00  -3.622900E+00 
521  2.478000E+00  -3.615257E+00 
522  2.477000E+00  -3.607645E+00 
523  2.476000E+00  -3.600058E+00 
524  2.475000E+00  -3.592494E+00 
525  2.474000E+00  -3.584948E+00 
526  2.473000E+00  -3.577417E+00 
527  2.472000E+00  -3.569897E+00 
528  2.471000E+00  -3.562386E+00 
529  2.470000E+00  -3.554878E+00 
530  2.469000E+00  -3.547372E+00 
531  2.468000E+00  -3.539850E+00 
532  2.467000E+00  -3.532298E+00 
533  2.466000E+00  -3.524720E+00 
534  2.465000E+00  -3.517120E+00 
535  2.464000E+00  -3.509500E+00 
536  2.463000E+00  -3.501865E+00 
537  2.462000E+00  -3.494217E+00 
538  2.461000E+00  -3.486560E+00 
539  2.460000E+00  -3.478898E+00 
540  2.459000E+00  -3.471233E+00 
541  2.458000E+00  -3.463582E+00 
542  2.457000E+00  -3.455958E+00 
543  2.456000E+00  -3.448358E+00 
544  2.455000E+00  -3.440779E+00 
545  2.454000E+00  -3.433217E+00 
546  2.453000E+00  -3.425668E+00 
547  2.452000E+00  -3.418130E+00 
548  2.451000E+00  -3.410600E+00 
549  2.450000E+00  -3.403074E+00 
550  2.449000E+00  -3.395549E+00 
551  2.448000E+00  -3.388011E+00 
552  2.447000E+00  -3.380445E+00 
553  2.446000E+00  -3.372856E+00 
554  2.445000E+00  -3.365247E+00 
555  2.444000E+00  -3.357621E+00 
556  2.443000E+00  -3.349980E+00 
557  2.442000E+00  -3.342328E+00 
558  2.441000E+00  -3.334668E+00 
559  2.440000E+00  -3.327003E+00 
560  2.439000E+00  -3.319335E+00 
561  2.438000E+00  -3.311680E+00 
562  2.437000E+00  -3.304050E+00 
563  2.436000E+00  -3.296442E+00 
564  2.435000E+00  -3.288852E+00 
565  2.434000E+00  -3.281277E+00 
566  2.433000E+00  -3.273715E+00 
567  2.432000E+00  -3.266163E+00 
568  2.431000E+00  -3.258618E+00 
569  2.430000E+00  -3.251078E+00 
570  2.429000E+00  -3.243541E+00 
571  2.428000E+00  -3.235992E+00 
572  2.427000E+00  -3.228422E+00 
573  2.426000E+00  -3.220834E+00 
574  2.425000E+00  -3.213229E+00 
575  2.424000E+00  -3.205612E+00 
576  2.423000E+00  -3.197984E+00 
577  2.422000E+00  -3.190349E+00 
578  2.421000E+00  -3.182708E+00 
579  2.420000E+00  -3.175065E+00 
580  2.419000E+00  -3.167421E+00 
581  2.418000E+00  -3.159791E+00 
582  2.417000E+00  -3.152182E+00 
583  2.416000E+00  -3.144593E+00 
584  2.415000E+00  -3.137021E+00 
585  2.414000E+00  -3.129463E+00 
586  2.413000E+00  -3.121917E+00 
587  2.412000E+00  -3.114380E+00 
588  2.411000E+00  -3.106849E+00 
589  2.410000E+00  -3.099323E+00 
590  2.409000E+00  -3.091799E+00 
591  2.408000E+00  -3.084265E+00 
592  2.407000E+00  -3.076713E+00 
593  2.406000E+00  -3.069144E+00 
594  2.405000E+00  -3.061561E+00 
595  2.404000E+00  -3.053966E+00 
596  2.403000E+00  -3.046363E+00 
597  2.402000E+00  -3.038752E+00 
598  2.401000E+00  -3.031137E+00 
599  2.400000E+00  -3.023520E+00 
600  2.399000E+00  -3.015905E+00 
601  2.398000E+00  -3.008305E+00 
602  2.397000E+00  -3.000727E+00 
603  2.396000E+00  -2.993171E+00 
604  2.395000E+00  -2.985632E+00 
605  2.394000E+00  -2.978110E+00 
606  2.393000E+00  -2.970601E+00 
607  2.392000E+00  -2.963104E+00 
608  2.391000E+00  -2.955617E+00 
609  2.390000E+00  -2.948137E+00 
610  2.389000E+00  -2.940662E+00 
611  2.388000E+00  -2.933183E+00 
612  2.387000E+00  -2.925692E+00 
613  2.386000E+00  -2.918191E+00 
614  2.385000E+00  -2.910682E+00 
615  2.384000E+00  -2.903166E+00 
616  2.383000E+00  -2.895647E+00 
617  2.382000E+00  -2.888124E+00 
618  2.381000E+00  -2.880601E+00 
619  2.380000E+00  -2.873079E+00 
620  2.379000E+00  -2.865560E+00 
621  2.378000E+00  -2.858053E+00 
622  2.377000E+00  -2.850565E+00 
623  2.376000E+00  -2.843094E+00 
624  2.375000E+00  -2.835639E+00 
625  2.374000E+00  -2.828197E+00 
626  2.373000E+00  -2.820767E+00 
627  2.372000E+00  -2.813346E+00 
628  2.371000E+00  -2.805933E+00 
629  2.370000E+00  -2.798527E+00 
630  2.369000E+00  -2.791124E+00 
631  2.368000E+00  -2.783718E+00 
632  2.367000E+00  -2.776302E+00 
633  2.366000E+00  -2.768876E+00 
634  2.365000E+00  -2.761443E+00 
635  2.364000E+00  -2.754004E+00 
636  2.363000E+00  -2.746562E+00 
637  2.362000E+00  -2.739116E+00 
638  2.361000E+00  -2.731670E+00 
639  2.360000E+00  -2.724225E+00 
640  2.359000E+00  -2.716782E+00 
641  2.358000E+00  -2.709349E+00 
642  2.357000E+00  -2.701932E+00 
643  2.356000E+00  -2.694531E+00 
644  2.355000E+00  -2.687142E+00 
645  2.354000E+00  -2.679764E+00 
646  2.353000E+00  -2.672397E+00 
647  2.352000E+00  -2.665038E+00 
648  2.351000E+00  -2.657685E+00 
649  2.350000E+00  -2.650338E+00 
650  2.349000E+00  -2.642995E+00 
651  2.348000E+00  -2.635648E+00 
652  2.347000E+00  -2.628291E+00 
653  2.346000E+00  -2.620927E+00 
654  2.345000E+00  -2.613556E+00 
655  2.344000E+00  -2.606180E+00 
656  2.343000E+00  -2.598800E+00 
657  2.342000E+00  -2.591418E+00 
658  2.341000E+00  -2.584035E+00 
659  2.340000E+00  -2.576652E+00 
660  2.339000E+00  -2.569271E+00 
661  2.338000E+00  -2.561899E+00 
662  2.337000E+00  -2.554541E+00 
663  2.336000E+00  -2.547195E+00 
664  2.335000E+00  -2.539862E+00 
665  2.334000E+00  -2.532537E+00 
666  2.333000E+00  -2.525222E+00 
667  2.332000E+00  -2.517913E+00 
668  2.331000E+00  -2.510611E+00 
669  2.330000E+00  -2.503313E+00 
670  2.329000E+00  -2.496018E+00 
671  2.328000E+00  -2.488720E+00 
672  2.327000E+00  -2.481413E+00 
673  2.326000E+00  -2.474100E+00 
674  2.325000E+00  -2.466780E+00 
675  2.324000E+00  -2.459456E+00 
676  2.323000E+00  -2.452128E+00 
677  2.322000E+00  -2.444798E+00 
678  2.321000E+00  -2.437467E+00 
679  2.320000E+00  -2.430136E+00 
680  2.319000E+00  -2.422807E+00 
681  2.318000E+00  -2.415485E+00 
682  2.317000E+00  -2.408175E+00 
683  2.316000E+00  -2.400876E+00 
684  2.315000E+00  -2.393586E+00 
685  2.314000E+00  -2.386305E+00 
686  2.313000E+00  -2.379032E+00 
687  2.312000E+00  -2.371764E+00 
688  2.311000E+00  -2.364502E+00 
689  2.310000E+00  -2.357244E+00 
690  2.309000E+00  -2.349988E+00 
691  2.308000E+00  -2.342729E+00 
692  2.307000E+00  -2.335463E+00 
693  2.306000E+00  -2.328191E+00 
694  2.305000E+00  -2.320913E+00 
695  2.304000E+00  -2.313631E+00 
696  2.303000E+00  -2.306346E+00 
697  2.302000E+00  -2.299059E+00 
698  2.301000E+00  -2.291771E+00 
699  2.300000E+00  -2.284483E+00 
700  2.299000E+00  -2.277195E+00 
701  2.298000E+00  -2.269914E+00 
702  2.297000E+00  -2.262643E+00 
703  2.296000E+00  -2.255382E+00 
704  2.295000E+00  -2.248129E+00 
705  2.294000E+00  -2.240882E+00 
706  2.293000E+00  -2.233643E+00 
707  2.292000E+00  -2.226410E+00 
708  2.291000E+00  -2.219183E+00 
709  2.290000E+00  -2.211963E+00 
710  2.289000E+00  -2.204748E+00 
711  2.288000E+00  -2.197533E+00 
712  2.287000E+00  -2.190314E+00 
713  2.286000E+00  -2.183093E+00 
714  2.285000E+00  -2.175871E+00 
715  2.284000E+00  -2.168648E+00 
716  2.283000E+00  -2.161426E+00 
717  2.282000E+00  -2.154205E+00 
718  2.281000E+00  -2.146986E+00 
719  2.280000E+00  -2.139770E+00 
720  2.279000E+00  -2.132558E+00 
721  2.278000E+00  -2.125355E+00 
722  2.277000E+00  -2.118163E+00 
723  2.276000E+00  -2.110984E+00 
724  2.275000E+00  -2.103819E+00 
725  2.274000E+00  -2.096665E+00 
726  2.273000E+00  -2.089523E+00 
727  2.272000E+00  -2.082391E+00 
728  2.271000E+00  -2.075269E+00 
729  2.270000E+00  -2.068155E+00 
730  2.269000E+00  -2.061049E+00 
731  2.268000E+00  -2.053947E+00 
732  2.267000E+00  -2.046846E+00 
733  2.266000E+00  -2.039745E+00 
734  2.265000E+00  -2.032647E+00 
735  2.264000E+00  -2.025552E+00 
736  2.263000E+00  -2.018460E+00 
737  2.262000E+00  -2.011372E+00 
738  2.261000E+00  -2.004289E+00 
739  2.260000E+00  -1.997211E+00 
740  2.259000E+00  -1.990139E+00 
741  2.258000E+00  -1.983077E+00 
742  2.257000E+00  -1.976027E+00 
743  2.256000E+00  -1.968988E+00 
744  2.255000E+00  -1.961960E+00 
745  2.254000E+00  -1.954943E+00 
746  2.253000E+00  -1.947934E+00 
747  2.252000E+00  -1.940933E+00 
748  2.251000E+00  -1.933941E+00 
749  2.250000E+00  -1.926955E+00 
750  2.249000E+00  -1.919975E+00 
751  2.248000E+00  -1.912999E+00 
752  2.247000E+00  -1.906023E+00 
753  2.246000E+00  -1.899049E+00 
754  2.245000E+00  -1.892076E+00 
755  2.244000E+00  -1.885105E+00 
756  2.243000E+00  -1.878137E+00 
757  2.242000E+00  -1.871172E+00 
758  2.241000E+00  -1.864212E+00 
759  2.240000E+00  -1.857255E+00 
760  2.239000E+00  -1.850304E+00 
761  2.238000E+00  -1.843361E+00 
762  2.237000E+00  -1.836427E+00 
763  2.236000E+00  -1.829503E+00 
764  2.235000E+00  -1.822588E+00 
765  2.234000E+00  -1.815682E+00 
766  2.233000E+00  -1.808783E+00 
767  2.232000E+00  -1.801891E+00 
768  2.231000E+00  -1.795005E+00 
769  2.230000E+00  -1.788125E+00 
770  2.229000E+00  -1.781251E+00 
771  2.228000E+00  -1.774380E+00 
772  2.227000E+00  -1.767509E+00 
773  2.226000E+00  -1.760639E+00 
774  2.225000E+00  -1.753770E+00 
775  2.224000E+00  -1.746904E+00 
776  2.223000E+00  -1.740041E+00 
777  2.222000E+00  -1.733180E+00 
778  2.221000E+00  -1.726322E+00 
779  2.220000E+00  -1.719469E+00 
780  2.219000E+00  -1.712620E+00 
781  2.218000E+00  -1.705777E+00 
782  2.217000E+00  -1.698943E+00 
783  2.216000E+00  -1.692117E+00 
784  2.215000E+00  -1.685298E+00 
785  2.214000E+00  -1.678487E+00 
786  2.213000E+00  -1.671681E+00 
787  2.212000E+00  -1.664883E+00 
788  2.211000E+00  -1.658089E+00 
789  2.210000E+00  -1.651301E+00 
790  2.209000E+00  -1.644518E+00 
791  2.208000E+00  -1.637737E+00 
792  2.207000E+00  -1.630957E+00 
793  2.206000E+00  -1.624179E+00 
794  2.205000E+00  -1.617402E+00 
795  2.204000E+00  -1.610628E+00 
796  2.203000E+00  -1.603855E+00 
797  2.202000E+00  -1.597086E+00 
798  2.201000E+00  -1.590320E+00 
799  2.200000E+00  -1.583558E+00 
800  2.199000E+00  -1.576802E+00 
801  2.198000E+00  -1.570053E+00 
802  2.197000E+00  -1.563312E+00 
803  2.196000E+00  -1.556580E+00 
804  2.195000E+00  -1.549856E+00 
805  2.194000E+00  -1.543140E+00 
806  2.193000E+00  -1.536431E+00 
807  2.192000E+00  -1.529729E+00 
808  2.191000E+00  -1.523034E+00 
809  2.190000E+00  -1.516345E+00 
810  2.189000E+00  -1.509662E+00 
811  2.188000E+00  -1.502983E+00 
812  2.187000E+00  -1.496308E+00 
813  2.186000E+00  -1.489636E+00 
814  2.185000E+00  -1.482967E+00 
815  2.184000E+00  -1.476303E+00 
816  2.183000E+00  -1.469644E+00 
817  2.182000E+00  -1.462989E+00 
818  2.181000E+00  -1.456339E+00 
819  2.180000E+00  -1.449695E+00 
820  2.179000E+00  -1.443057E+00 
821  2.178000E+00  -1.436426E+00 
822  2.177000E+00  -1.429803E+00 
823  2.176000E+00  -1.423189E+00 
824  2.175000E+00  -1.416583E+00 
825  2.174000E+00  -1.409985E+00 
826  2.173000E+00  -1.403394E+00 
827  2.172000E+00  -1.396811E+00 
828  2.171000E+00  -1.390234E+00 
829  2.170000E+00  -1.383664E+00 
830  2.169000E+00  -1.377101E+00 
831  2.168000E+00  -1.370542E+00 
832  2.167000E+00  -1.363988E+00 
833  2.166000E+00  -1.357438E+00 
834  2.165000E+00  -1.350893E+00 
835  2.164000E+00  -1.344353E+00 
836  2.163000E+00  -1.337818E+00 
837  2.162000E+00  -1.331289E+00 
838  2.161000E+00  -1.324765E+00 
839  2.160000E+00  -1.318248E+00 
840  2.159000E+00  -1.311738E+00 
841  2.158000E+00  -1.305235E+00 
842  2.157000E+00  -1.298741E+00 
843  2.156000E+00  -1.292255E+00 
844  2.155000E+00  -1.285778E+00 
845  2.154000E+00  -1.279309E+00 
846  2.153000E+00  -1.272848E+00 
847  2.152000E+00  -1.266395E+00 
848  2.151000E+00  -1.259949E+00 
849  2.150000E+00  -1.253510E+00 
850  2.149000E+00  -1.247079E+00 
851  2.148000E+00  -1.240653E+00 
852  2.147000E+00  -1.234233E+00 
853  2.146000E+00  -1.227818E+00 
854  2.145000E+00  -1.221408E+00 
855  2.144000E+00  -1.215005E+00 
856  2.143000E+00  -1.208607E+00 
857  2.142000E+00  -1.202216E+00 
858  2.141000E+00  -1.195833E+00 
859  2.140000E+00  -1.189459E+00 
860  2.139000E+00  -1.183093E+00 
861  2.138000E+00  -1.176736E+00 
862  2.137000E+00  -1.170390E+00 
863  2.136000E+00  -1.164054E+00 
864  2.135000E+00  -1.157728E+00 
865  2.134000E+00  -1.151411E+00 
866  2.133000E+00  -1.145104E+00 
867  2.132000E+00  -1.138804E+00 
868  2.131000E+00  -1.132510E+00 
869  2.130000E+00  -1.126219E+00 
870  2.129000E+00  -1.119931E+00 
871  2.128000E+00  -1.113646E+00 
872  2.127000E+00  -1.107363E+00 
873  2.126000E+00  -1.101082E+00 
874  2.125000E+00  -1.094802E+00 
875  2.124000E+00  -1.088526E+00 
876  2.123000E+00  -1.082252E+00 
877  2.122000E+00  -1.075982E+00 
878  2.121000E+00  -1.069715E+00 
879  2.120000E+00  -1.063452E+00 
880  2.119000E+00  -1.057193E+00 
881  2.118000E+00  -1.050939E+00 
882  2.117000E+00  -1.044692E+00 
883  2.116000E+00  -1.038451E+00 
884  2.115000E+00  -1.032215E+00 
885  2.114000E+00  -1.025986E+00 
886  2.113000E+00  -1.019763E+00 
887  2.112000E+00  -1.013545E+00 
888  2.111000E+00  -1.007334E+00 
889  2.110000E+00  -1.001128E+00 
890  2.109000E+00  -9.949280E-01 
891  2.108000E+00  -9.887330E-01 
892  2.107000E+00  -9.825420E-01 
893  2.106000E+00  -9.763554E-01 
894  2.105000E+00  -9.701735E-01 
895  2.104000E+00  -9.639965E-01 
896  2.103000E+00  -9.578248E-01 
897  2.102000E+00  -9.516586E-01 
898  2.101000E+00  -9.454981E-01 
899  2.100000E+00  -9.393437E-01 
900  2.099000E+00  -9.331956E-01 
901  2.098000E+00  -9.270547E-01 
902  2.097000E+00  -9.209215E-01 
903  2.096000E+00  -9.147961E-01 
904  2.095000E+00  -9.086784E-01 
905  2.094000E+00  -9.025684E-01 
906  2.093000E+00  -8.964662E-01 
907  2.092000E+00  -8.903717E-01 
908  2.091000E+00  -8.842850E-01 
909  2.090000E+00  -8.782059E-01 
910  2.089000E+00  -8.721345E-01 
911  2.088000E+00  -8.660701E-01 
912  2.087000E+00  -8.600118E-01 
913  2.086000E+00  -8.539599E-01 
914  2.085000E+00  -8.479148E-01 
915  2.084000E+00  -8.418766E-01 
916  2.083000E+00  -8.358455E-01 
917  2.082000E+00  -8.298220E-01 
918  2.081000E+00  -8.238060E-01 
919  2.080000E+00  -8.177980E-01 
920  2.079000E+00  -8.117981E-01 
921  2.078000E+00  -8.058071E-01 
922  2.077000E+00  -7.998253E-01 
923  2.076000E+00  -7.938527E-01 
924  2.075000E+00  -7.878895E-01 
925  2.074000E+00  -7.819356E-01 
926  2.073000E+00  -7.759910E-01 
927  2.072000E+00  -7.700556E-01 
928  2.071000E+00  -7.641296E-01 
929  2.070000E+00  -7.582128E-01 
930  2.069000E+00  -7.523053E-01 
931  2.068000E+00  -7.464063E-01 
932  2.067000E+00  -7.405152E-01 
933  2.066000E+00  -7.346322E-01 
934  2.065000E+00  -7.287576E-01 
935  2.064000E+00  -7.228916E-01 
936  2.063000E+00  -7.170343E-01 
937  2.062000E+00  -7.111805E-01 
938  2.061000E+00  -7.053177E-01 
939  2.060000E+00  -6.994395E-01 
940  2.059000E+00  -6.935466E-01 
941  2.058000E+00  -6.876397E-01 
942  2.057000E+00  -6.817193E-01 
943  2.056000E+00  -6.757859E-01 
944  2.055000E+00  -6.698402E-01 
945  2.054000E+00  -6.638826E-01 
946  2.053000E+00  -6.579136E-01 
947  2.052000E+00  -6.519337E-01 
948  2.051000E+00  -6.459434E-01 
949  2.050000E+00  -6.399431E-01 
950  2.049000E+00  -6.339335E-01 
951  2.048000E+00  -6.279122E-01 
952  2.047000E+00  -6.218771E-01 
953  2.046000E+00  -6.158291E-01 
954  2.045000E+00  -6.097689E-01 
955  2.044000E+00  -6.036972E-01 
956  2.043000E+00  -5.976148E-01 
957  2.042000E+00  -5.915225E-01 
958  2.041000E+00  -5.854209E-01 
959  2.040000E+00  -5.793108E-01 
960  2.039000E+00  -5.731929E-01 
961  2.038000E+00  -5.670673E-01 
962  2.037000E+00  -5.609342E-01 
963  2.036000E+00  -5.547942E-01 
964  2.035000E+00  -5.486478E-01 
965  2.034000E+00  -5.424956E-01 
966  2.033000E+00  -5.363381E-01 
967  2.032000E+00  -5.301759E-01 
968  2.031000E+00  -5.240095E-01 
969  2.030000E+00  -5.178394E-01 
970  2.029000E+00  -5.116662E-01 
971  2.028000E+00  -5.054870E-01 
972  2.027000E+00  -4.992993E-01 
973  2.026000E+00  -4.931038E-01 
974  2.025000E+00  -4.869014E-01 
975  2.024000E+00  -4.806928E-01 
976  2.023000E+00  -4.744789E-01 
977  2.022000E+00  -4.682603E-01 
978  2.021000E+00  -4.620378E-01 
979  2.020000E+00  -4.558122E-01 
980  2.019000E+00  -4.495842E-01 
981  2.018000E+00  -4.433529E-01 
982  2.017000E+00  -4.371173E-01 
983  2.016000E+00  -4.308782E-01 
984  2.015000E+00  -4.246245E-01 
985  2.014000E+00  -4.183359E-01 
986  2.013000E+00  -4.120041E-01 
987  2.012000E+00  -4.056301E-01 
988  2.011000E+00  -3.992149E-01 
989  2.010000E+00  -3.927596E-01 
990  2.009000E+00  -3.862650E-01 
991  2.008000E+00  -3.797213E-01 
992  2.007000E+00  -3.731188E-01 
993  2.006000E+00  -3.664588E-01 
994  2.005000E+00  -3.597429E-01 
995  2.004000E+00  -3.529724E-01 
996  2.003000E+00  -3.461488E-01 
997  2.002000E+00  -3.392735E-01 
998  2.001000E+00  -3.323481E-01 
999  2.000000E+00  -3.253740E-01 
1000  1.999000E+00  -3.183527E-01 
1001  1.998000E+00  -3.112747E-01 
1002  1.997000E+00  -3.041308E-01 
1003  1.996000E+00  -2.969227E-01 
1004  1.995000E+00  -2.896524E-01 
1005  1.994000E+00  -2.823216E-01 
1006  1.993000E+00  -2.749322E-01 
1007  1.992000E+00  -2.674862E-01 
1008  1.991000E+00  -2.599854E-01 
1009  1.990000E+00  -2.524318E-01 
1010  1.989000E+00  -2.448271E-01 
1011  1.988000E+00  -2.371490E-01 
1012  1.987000E+00  -2.293756E-01 
1013  1.986000E+00  -2.214979E-01 
1014  1.985000E+00  -2.134961E-01 
1015  1.984000E+00  -2.053618E-01 
1016  1.983000E+00  -1.970971E-01 
1017  1.982000E+00  -1.887043E-01 
1018  1.981000E+00  -1.801860E-01 
1019  1.980000E+00  -1.715447E-01 
1020  1.979000E+00  -1.627832E-01 
1021  1.978000E+00  -1.538771E-01 
1022  1.977000E+00  -1.448026E-01 
1023  1.976000E+00  -1.355622E-01 
1024  1.975000E+00  -1.261587E-01 
1025  1.974000E+00  -1.165952E-01 
1026  1.973000E+00  -1.068746E-01 
1027  1.972000E+00  -9.700010E-02 
1028  1.971000E+00  -8.697497E-02 
1029  1.970000E+00  -7.680208E-02 
1030  1.969000E+00  -6.648475E-02 
1031  1.968000E+00  -5.599901E-02 
1032  1.967000E+00  -4.531529E-02 
1033  1.966000E+00  -3.443144E-02 
1034  1.965000E+00  -2.335158E-02 
1035  1.964000E+00  -1.208008E-02 
1036  1.963000E+00  -6.215234E-04 
1037  1.962000E+00  1.101936E-02 
1038  1.961000E+00  2.283760E-02 
1039  1.960000E+00  3.482811E-02 
1040  1.959000E+00  4.698567E-02 
1041  1.958000E+00  5.931273E-02 
1042  1.957000E+00  7.181164E-02 
1043  1.956000E+00  8.447727E-02 
1044  1.955000E+00  9.730434E-02 
1045  1.954000E+00  1.102876E-01 
1046  1.953000E+00  1.234217E-01 
1047  1.952000E+00  1.367010E-01 
1048  1.951000E+00  1.501199E-01 
1049  1.950000E+00  1.636730E-01 
1050  1.949000E+00  1.773548E-01 
1051  1.948000E+00  1.911594E-01 
1052  1.947000E+00  2.050808E-01 
1053  1.946000E+00  2.191139E-01 
1054  1.945000E+00  2.332535E-01 
1055  1.944000E+00  2.474943E-01 
1056  1.943000E+00  2.618312E-01 
1057  1.942000E+00  2.762593E-01 
1058  1.941000E+00  2.907737E-01 
1059  1.940000E+00  3.053693E-01 
1060  1.939000E+00  3.200414E-01 
1061  1.938000E+00  3.347678E-01 
1062  1.937000E+00  3.495276E-01 
1063  1.936000E+00  3.643181E-01 
1064  1.935000E+00  3.791357E-01 
1065  1.934000E+00  3.939768E-01 
1066  1.933000E+00  4.088390E-01 
1067  1.932000E+00  4.237199E-01 
1068  1.931000E+00  4.386174E-01 
1069  1.930000E+00  4.535292E-01 
1070  1.929000E+00  4.684535E-01 
1071  1.928000E+00  4.833733E-01 
1072  1.927000E+00  4.982730E-01 
1073  1.926000E+00  5.131517E-01 
1074  1.925000E+00  5.280086E-01 
1075  1.924000E+00  5.428431E-01 
1076  1.923000E+00  5.576545E-01 
1077  1.922000E+00  5.724420E-01 
1078  1.921000E+00  5.872050E-01 
1079  1.920000E+00  6.019431E-01 
1080  1.919000E+00  6.166556E-01 
1081  1.918000E+00  6.313147E-01 
1082  1.917000E+00  6.458949E-01 
1083  1.916000E+00  6.603986E-01 
1084  1.915000E+00  6.748308E-01 
1085  1.914000E+00  6.891964E-01 
1086  1.913000E+00  7.034973E-01 
1087  1.912000E+00  7.177353E-01 
1088  1.911000E+00  7.319120E-01 
1089  1.910000E+00  7.460290E-01 
1090  1.909000E+00  7.600878E-01 
1091  1.908000E+00  7.740763E-01 
1092  1.907000E+00  7.879832E-01 
1093  1.906000E+00  8.018107E-01 
1094  1.905000E+00  8.155608E-01 
1095  1.904000E+00  8.292354E-01 
1096  1.903000E+00  8.428363E-01 
1097  1.902000E+00  8.563653E-01 
1098  1.901000E+00  8.698239E-01 
1099  1.900000E+00  8.832139E-01 
1100  1.899000E+00  8.965367E-01 
1101  1.898000E+00  9.097772E-01 
1102  1.897000E+00  9.229215E-01 
1103  1.896000E+00  9.359727E-01 
1104  1.895000E+00  9.489339E-01 
1105  1.894000E+00  9.618080E-01 
1106  1.893000E+00  9.745979E-01 
1107  1.892000E+00  9.873062E-01 
1108  1.891000E+00  9.999354E-01 
1109  1.890000E+00  1.012488E+00 
1110  1.889000E+00  1.024966E+00 
1111  1.888000E+00  1.037371E+00 
1112  1.887000E+00  1.049702E+00 
1113  1.886000E+00  1.061963E+00 
1114  1.885000E+00  1.074155E+00 
1115  1.884000E+00  1.086279E+00 
1116  1.883000E+00  1.098337E+00 
1117  1.882000E+00  1.110331E+00 
1118  1.881000E+00  1.122261E+00 
1119  1.880000E+00  1.134129E+00 
1120  1.879000E+00  1.145936E+00 
1121  1.878000E+00  1.157674E+00 
1122  1.877000E+00  1.169334E+00 
1123  1.876000E+00  1.180920E+00 
1124  1.875000E+00  1.192432E+00 
1125  1.874000E+00  1.203874E+00 
1126  1.873000E+00  1.215248E+00 
1127  1.872000E+00  1.226555E+00 
1128  1.871000E+00  1.237797E+00 
1129  1.870000E+00  1.248977E+00 
1130  1.869000E+00  1.260095E+00 
1131  1.868000E+00  1.271152E+00 
1132  1.867000E+00  1.282146E+00 
1133  1.866000E+00  1.293079E+00 
1134  1.865000E+00  1.303952E+00 
1135  1.864000E+00  1.314766E+00 
1136  1.863000E+00  1.325523E+00 
1137  1.862000E+00  1.336224E+00 
1138  1.861000E+00  1.346869E+00 
1139  1.860000E+00  1.357459E+00 
1140  1.859000E+00  1.367997E+00 
1141  1.858000E+00  1.378474E+00 
1142  1.857000E+00  1.388882E+00 
1143  1.856000E+00  1.399225E+00 
1144  1.855000E+00  1.409503E+00 
1145  1.854000E+00  1.419719E+00 
1146  1.853000E+00  1.429875E+00 
1147  1.852000E+00  1.439971E+00 
1148  1.851000E+00  1.450013E+00 
1149  1.850000E+00  1.460002E+00 
1150  1.849000E+00  1.469940E+00 
1151  1.848000E+00  1.479827E+00 
1152  1.847000E+00  1.489662E+00 
1153  1.846000E+00  1.499445E+00 
1154  1.845000E+00  1.509179E+00 
1155  1.844000E+00  1.518863E+00 
1156  1.843000E+00  1.528498E+00 
1157  1.842000E+00  1.538086E+00 
1158  1.841000E+00  1.547628E+00 
1159  1.840000E+00  1.557123E+00 
1160  1.839000E+00  1.566574E+00 
1161  1.838000E+00  1.575973E+00 
1162  1.837000E+00  1.585315E+00 
1163  1.836000E+00  1.594602E+00 
1164  1.835000E+00  1.603836E+00 
1165  1.834000E+00  1.613016E+00 
1166  1.833000E+00  1.622146E+00 
1167  1.832000E+00  1.631227E+00 
1168  1.831000E+00  1.640259E+00 
1169  1.830000E+00  1.649244E+00 
1170  1.829000E+00  1.658184E+00 
1171  1.828000E+00  1.667078E+00 
1172  1.827000E+00  1.675926E+00 
1173  1.826000E+00  1.684730E+00 
1174  1.825000E+00  1.693491E+00 
1175  1.824000E+00  1.702208E+00 
1176  1.823000E+00  1.710883E+00 
1177  1.822000E+00  1.719516E+00 
1178  1.821000E+00  1.728109E+00 
1179  1.820000E+00  1.736661E+00 
1180  1.819000E+00  1.745174E+00 
1181  1.818000E+00  1.753643E+00 
1182  1.817000E+00  1.762061E+00 
1183  1.816000E+00  1.770432E+00 
1184  1.815000E+00  1.778756E+00 
1185  1.814000E+00  1.787034E+00 
1186  1.813000E+00  1.795267E+00 
1187  1.812000E+00  1.803457E+00 
1188  1.811000E+00  1.811605E+00 
1189  1.810000E+00  1.819711E+00 
1190  1.809000E+00  1.827778E+00 
1191  1.808000E+00  1.835804E+00 
1192  1.807000E+00  1.843792E+00 
1193  1.806000E+00  1.851741E+00 
1194  1.805000E+00  1.859653E+00 
1195  1.804000E+00  1.867526E+00 
1196  1.803000E+00  1.875363E+00 
1197  1.802000E+00  1.883164E+00 
1198  1.801000E+00  1.890929E+00 
1199  1.800000E+00  1.898659E+00 
Initialisation complete.
